0.000000e+00; 1.926123e+00; 5.793599e-02; 
5.000000e-02; 1.477505e+00; 5.078573e-01; 
1.000000e-01; 1.242288e+00; 7.516064e-01; 
1.500000e-01; 1.140464e+00; 8.552252e-01; 
2.000000e-01; 1.074199e+00; 9.180272e-01; 
2.500000e-01; 1.048384e+00; 9.428892e-01; 
3.000000e-01; 1.036635e+00; 9.572116e-01; 
3.500000e-01; 1.012590e+00; 9.765059e-01; 
4.000000e-01; 1.017617e+00; 9.603025e-01; 
4.500000e-01; 1.008350e+00; 9.670904e-01; 
5.000000e-01; 1.008195e+00; 9.711514e-01; 
5.500000e-01; 1.011549e+00; 9.621432e-01; 
6.000000e-01; 1.001129e+00; 9.614368e-01; 
6.500000e-01; 9.952686e-01; 9.531457e-01; 
7.000000e-01; 9.941985e-01; 9.615260e-01; 
7.500000e-01; 1.007570e+00; 9.564186e-01; 
8.000000e-01; 1.005044e+00; 9.570206e-01; 
8.500000e-01; 1.000598e+00; 9.567954e-01; 
9.000000e-01; 9.954092e-01; 9.712799e-01; 
9.500000e-01; 9.949803e-01; 9.697216e-01; 
1.000000e+00; 9.925671e-01; 9.736635e-01; 
1.050000e+00; 1.008312e+00; 9.713597e-01; 
1.100000e+00; 1.002481e+00; 9.814067e-01; 
1.150000e+00; 1.009441e+00; 9.692229e-01; 
1.200000e+00; 1.013958e+00; 9.639473e-01; 
1.250000e+00; 1.005383e+00; 9.630538e-01; 
1.300000e+00; 9.996625e-01; 9.578245e-01; 
1.350000e+00; 1.002905e+00; 9.583697e-01; 
1.400000e+00; 9.913769e-01; 9.606681e-01; 
1.450000e+00; 9.968852e-01; 9.570667e-01; 
1.500000e+00; 9.960612e-01; 9.736801e-01; 
1.550000e+00; 9.987693e-01; 9.684929e-01; 
1.600000e+00; 9.991952e-01; 9.682255e-01; 
1.650000e+00; 1.001760e+00; 9.592969e-01; 
1.700000e+00; 1.005791e+00; 9.703329e-01; 
1.750000e+00; 1.003540e+00; 9.688086e-01; 
1.800000e+00; 1.000166e+00; 9.628366e-01; 
1.850000e+00; 9.963679e-01; 9.660630e-01; 
1.900000e+00; 9.954460e-01; 9.625315e-01; 
1.950000e+00; 9.920549e-01; 9.730730e-01; 
2.000000e+00; 9.924796e-01; 9.734363e-01; 
2.050000e+00; 9.958718e-01; 9.773229e-01; 
2.100000e+00; 1.003611e+00; 9.740419e-01; 
2.150000e+00; 1.003496e+00; 9.665587e-01; 
2.200000e+00; 1.011588e+00; 9.633652e-01; 
2.250000e+00; 1.009498e+00; 9.743117e-01; 
2.300000e+00; 1.011708e+00; 9.743446e-01; 
2.350000e+00; 1.016886e+00; 9.745714e-01; 
2.400000e+00; 1.019993e+00; 9.684831e-01; 
2.450000e+00; 1.017659e+00; 9.665915e-01; 
2.500000e+00; 1.015789e+00; 9.536813e-01; 
2.550000e+00; 1.012158e+00; 9.662351e-01; 
2.600000e+00; 1.015202e+00; 9.683976e-01; 
2.650000e+00; 1.010735e+00; 9.742436e-01; 
2.700000e+00; 1.016977e+00; 9.693437e-01; 
2.750000e+00; 1.011719e+00; 9.711053e-01; 
2.800000e+00; 1.020007e+00; 9.609378e-01; 
2.850000e+00; 1.016361e+00; 9.669523e-01; 
2.900000e+00; 1.002230e+00; 9.749237e-01; 
2.950000e+00; 1.009055e+00; 9.804726e-01; 
3.000000e+00; 1.008502e+00; 9.834807e-01; 
3.050000e+00; 1.010312e+00; 9.863522e-01; 
3.100000e+00; 1.014276e+00; 9.883306e-01; 
3.150000e+00; 1.011909e+00; 9.787055e-01; 
3.200000e+00; 1.015569e+00; 9.823969e-01; 
3.250000e+00; 1.018853e+00; 9.789753e-01; 
3.300000e+00; 1.011429e+00; 9.763446e-01; 
3.350000e+00; 1.013376e+00; 9.803082e-01; 
3.400000e+00; 1.019640e+00; 9.862564e-01; 
3.450000e+00; 1.029572e+00; 9.831387e-01; 
3.500000e+00; 1.034251e+00; 9.865793e-01; 
3.550000e+00; 1.025944e+00; 1.001824e+00; 
3.600000e+00; 1.026754e+00; 1.001712e+00; 
3.650000e+00; 1.032991e+00; 9.987582e-01; 
3.700000e+00; 1.037975e+00; 9.910512e-01; 
3.750000e+00; 1.032278e+00; 9.905365e-01; 
3.800000e+00; 1.034616e+00; 9.916296e-01; 
3.850000e+00; 1.036950e+00; 9.919810e-01; 
3.900000e+00; 1.034629e+00; 9.916649e-01; 
3.950000e+00; 1.025028e+00; 1.002356e+00; 
4.000000e+00; 1.024892e+00; 9.989958e-01; 
4.050000e+00; 1.035678e+00; 9.920151e-01; 
4.100000e+00; 1.029408e+00; 9.945082e-01; 
4.150000e+00; 1.028249e+00; 9.941608e-01; 
4.200000e+00; 1.029452e+00; 9.932296e-01; 
4.250000e+00; 1.046518e+00; 9.846380e-01; 
4.300000e+00; 1.044762e+00; 9.825680e-01; 
4.350000e+00; 1.026745e+00; 1.004116e+00; 
4.400000e+00; 1.039003e+00; 1.001013e+00; 
4.450000e+00; 1.040473e+00; 1.007337e+00; 
4.500000e+00; 1.031548e+00; 1.004862e+00; 
4.550000e+00; 1.041619e+00; 1.006217e+00; 
4.600000e+00; 1.033037e+00; 1.007527e+00; 
4.650000e+00; 1.037302e+00; 1.003282e+00; 
4.700000e+00; 1.036384e+00; 1.000016e+00; 
4.750000e+00; 1.030391e+00; 1.002985e+00; 
4.800000e+00; 1.041358e+00; 9.948263e-01; 
4.850000e+00; 1.049783e+00; 9.913762e-01; 
4.900000e+00; 1.039895e+00; 9.979661e-01; 
4.950000e+00; 1.039221e+00; 9.833072e-01; 
5.000000e+00; 1.035956e+00; 9.867899e-01; 
5.050000e+00; 1.031446e+00; 9.757223e-01; 
5.100000e+00; 1.021682e+00; 9.843194e-01; 
5.150000e+00; 1.023319e+00; 9.804541e-01; 
5.200000e+00; 1.016538e+00; 9.814029e-01; 
5.250000e+00; 1.016035e+00; 9.814096e-01; 
5.300000e+00; 1.018075e+00; 9.919811e-01; 
5.350000e+00; 1.021920e+00; 9.785777e-01; 
5.400000e+00; 1.025711e+00; 9.772278e-01; 
5.450000e+00; 1.024578e+00; 9.841670e-01; 
5.500000e+00; 1.027341e+00; 9.948409e-01; 
5.550000e+00; 1.022615e+00; 9.896286e-01; 
5.600000e+00; 1.025831e+00; 9.879758e-01; 
5.650000e+00; 1.039575e+00; 9.748828e-01; 
5.700000e+00; 1.024467e+00; 9.821156e-01; 
5.750000e+00; 1.017186e+00; 9.965540e-01; 
5.800000e+00; 1.019480e+00; 9.996815e-01; 
5.850000e+00; 1.022425e+00; 9.945646e-01; 
5.900000e+00; 1.025240e+00; 9.993359e-01; 
5.950000e+00; 1.030140e+00; 9.954702e-01; 
6.000000e+00; 1.037513e+00; 9.939349e-01; 
6.050000e+00; 1.030564e+00; 1.005043e+00; 
6.100000e+00; 1.033812e+00; 1.000619e+00; 
6.150000e+00; 1.034279e+00; 9.956663e-01; 
6.200000e+00; 1.034975e+00; 9.983159e-01; 
6.250000e+00; 1.042745e+00; 9.947083e-01; 
6.300000e+00; 1.036190e+00; 9.950614e-01; 
6.350000e+00; 1.034714e+00; 9.914689e-01; 
6.400000e+00; 1.030508e+00; 9.933970e-01; 
6.450000e+00; 1.038224e+00; 9.865068e-01; 
6.500000e+00; 1.017717e+00; 9.841079e-01; 
6.550000e+00; 1.020061e+00; 9.695119e-01; 
6.600000e+00; 1.017969e+00; 9.808747e-01; 
6.650000e+00; 1.014663e+00; 9.826676e-01; 
6.700000e+00; 1.008729e+00; 9.722004e-01; 
6.750000e+00; 9.991782e-01; 9.780535e-01; 
6.800000e+00; 1.013609e+00; 9.708589e-01; 
6.850000e+00; 1.012366e+00; 9.670646e-01; 
6.900000e+00; 1.008849e+00; 9.774256e-01; 
6.950000e+00; 1.006401e+00; 9.667759e-01; 
7.000000e+00; 9.972706e-01; 9.617429e-01; 
7.050000e+00; 9.941006e-01; 9.629149e-01; 
7.100000e+00; 9.893658e-01; 9.824127e-01; 
7.150000e+00; 9.985139e-01; 9.756752e-01; 
7.200000e+00; 9.962124e-01; 9.621579e-01; 
7.250000e+00; 9.874017e-01; 9.740699e-01; 
7.300000e+00; 9.898576e-01; 9.633633e-01; 
7.350000e+00; 9.954009e-01; 9.724365e-01; 
7.400000e+00; 9.989410e-01; 9.708072e-01; 
7.450000e+00; 1.003302e+00; 9.692569e-01; 
7.500000e+00; 1.010429e+00; 9.563986e-01; 
7.550000e+00; 1.017156e+00; 9.676669e-01; 
7.600000e+00; 1.019631e+00; 9.578005e-01; 
7.650000e+00; 1.021224e+00; 9.667561e-01; 
7.700000e+00; 1.019320e+00; 9.622259e-01; 
7.750000e+00; 1.005108e+00; 9.826096e-01; 
7.800000e+00; 1.001243e+00; 9.755978e-01; 
7.850000e+00; 1.001714e+00; 9.752036e-01; 
7.900000e+00; 1.000323e+00; 9.698174e-01; 
7.950000e+00; 9.976230e-01; 9.712687e-01; 
8.000000e+00; 1.003405e+00; 9.672451e-01; 
8.050000e+00; 1.000646e+00; 9.825351e-01; 
8.100000e+00; 1.014307e+00; 9.843332e-01; 
8.150000e+00; 1.021003e+00; 9.798471e-01; 
8.200000e+00; 1.018178e+00; 9.945569e-01; 
8.250000e+00; 1.019365e+00; 9.827657e-01; 
8.300000e+00; 1.015573e+00; 9.866947e-01; 
8.350000e+00; 1.015564e+00; 9.865489e-01; 
8.400000e+00; 1.018646e+00; 9.858590e-01; 
8.450000e+00; 1.021812e+00; 9.932967e-01; 
8.500000e+00; 1.025968e+00; 1.004799e+00; 
8.550000e+00; 1.035290e+00; 9.947154e-01; 
8.600000e+00; 1.024042e+00; 9.955156e-01; 
8.650000e+00; 1.014800e+00; 1.011237e+00; 
8.700000e+00; 1.022464e+00; 1.008288e+00; 
8.750000e+00; 1.028149e+00; 1.006113e+00; 
8.800000e+00; 1.030126e+00; 9.947495e-01; 
8.850000e+00; 1.031513e+00; 9.994777e-01; 
8.900000e+00; 1.038910e+00; 9.971377e-01; 
8.950000e+00; 1.029389e+00; 9.941766e-01; 
9.000000e+00; 1.027942e+00; 9.857333e-01; 
9.050000e+00; 1.025019e+00; 9.958427e-01; 
9.100000e+00; 1.024917e+00; 1.004673e+00; 
9.150000e+00; 1.028477e+00; 9.839703e-01; 
9.200000e+00; 1.015561e+00; 9.887245e-01; 
9.250000e+00; 1.014511e+00; 9.864667e-01; 
9.300000e+00; 1.021955e+00; 9.825698e-01; 
9.350000e+00; 1.015086e+00; 9.857399e-01; 
9.400000e+00; 1.015598e+00; 9.816520e-01; 
9.450000e+00; 1.020823e+00; 9.805751e-01; 
9.500000e+00; 1.022789e+00; 9.736827e-01; 
9.550000e+00; 1.017222e+00; 9.728285e-01; 
9.600000e+00; 1.009671e+00; 9.759386e-01; 
9.650000e+00; 1.014254e+00; 9.695598e-01; 
9.700000e+00; 1.011117e+00; 9.706423e-01; 
9.750000e+00; 1.011537e+00; 9.594897e-01; 
9.800000e+00; 1.010364e+00; 9.680672e-01; 
9.850000e+00; 1.013713e+00; 9.661912e-01; 
9.900000e+00; 1.018784e+00; 9.501578e-01; 
9.950000e+00; 1.013973e+00; 9.649276e-01; 
1.000000e+01; 1.003059e+00; 9.651393e-01; 
1.005000e+01; 1.006432e+00; 9.773346e-01; 
1.010000e+01; 1.008199e+00; 9.628324e-01; 
1.015000e+01; 1.007236e+00; 9.589565e-01; 
1.020000e+01; 9.971171e-01; 9.596417e-01; 
1.025000e+01; 9.936112e-01; 9.545240e-01; 
1.030000e+01; 9.883526e-01; 9.561885e-01; 
1.035000e+01; 9.916651e-01; 9.566375e-01; 
1.040000e+01; 9.853439e-01; 9.516224e-01; 
1.045000e+01; 9.903578e-01; 9.449268e-01; 
1.050000e+01; 9.893559e-01; 9.466691e-01; 
1.055000e+01; 9.813887e-01; 9.485107e-01; 
1.060000e+01; 9.849758e-01; 9.390338e-01; 
1.065000e+01; 9.754032e-01; 9.511791e-01; 
1.070000e+01; 9.874270e-01; 9.382653e-01; 
1.075000e+01; 9.880882e-01; 9.374320e-01; 
1.080000e+01; 9.853356e-01; 9.518110e-01; 
1.085000e+01; 9.791281e-01; 9.535790e-01; 
1.090000e+01; 9.825216e-01; 9.535427e-01; 
1.095000e+01; 9.888708e-01; 9.520361e-01; 
1.100000e+01; 9.882538e-01; 9.621418e-01; 
1.105000e+01; 9.897383e-01; 9.487296e-01; 
1.110000e+01; 9.790867e-01; 9.588825e-01; 
1.115000e+01; 9.759484e-01; 9.543091e-01; 
1.120000e+01; 9.774685e-01; 9.573653e-01; 
1.125000e+01; 9.786342e-01; 9.593139e-01; 
1.130000e+01; 9.959730e-01; 9.464065e-01; 
1.135000e+01; 9.928060e-01; 9.524033e-01; 
1.140000e+01; 9.987325e-01; 9.508005e-01; 
1.145000e+01; 9.888583e-01; 9.518202e-01; 
1.150000e+01; 9.843940e-01; 9.537924e-01; 
1.155000e+01; 9.877977e-01; 9.468968e-01; 
1.160000e+01; 9.937065e-01; 9.450388e-01; 
1.165000e+01; 9.941875e-01; 9.452051e-01; 
1.170000e+01; 9.954520e-01; 9.563643e-01; 
1.175000e+01; 9.952967e-01; 9.496347e-01; 
1.180000e+01; 9.973700e-01; 9.604189e-01; 
1.185000e+01; 9.964388e-01; 9.664027e-01; 
1.190000e+01; 9.935039e-01; 9.592974e-01; 
1.195000e+01; 9.926992e-01; 9.645581e-01; 
1.200000e+01; 9.890229e-01; 9.715778e-01; 
1.205000e+01; 9.901391e-01; 9.737597e-01; 
1.210000e+01; 9.965141e-01; 9.627447e-01; 
1.215000e+01; 9.918604e-01; 9.621849e-01; 
1.220000e+01; 9.876348e-01; 9.708809e-01; 
1.225000e+01; 9.984910e-01; 9.715656e-01; 
1.230000e+01; 9.952450e-01; 9.747599e-01; 
1.235000e+01; 1.005370e+00; 9.646917e-01; 
1.240000e+01; 9.975319e-01; 9.741740e-01; 
1.245000e+01; 1.004123e+00; 9.582036e-01; 
1.250000e+01; 1.007599e+00; 9.640043e-01; 
1.255000e+01; 1.008297e+00; 9.522568e-01; 
1.260000e+01; 1.000606e+00; 9.675833e-01; 
1.265000e+01; 1.005553e+00; 9.778413e-01; 
1.270000e+01; 1.016178e+00; 9.815702e-01; 
1.275000e+01; 1.012938e+00; 9.788389e-01; 
1.280000e+01; 1.011513e+00; 9.826865e-01; 
1.285000e+01; 1.015811e+00; 9.854964e-01; 
1.290000e+01; 1.016626e+00; 9.840299e-01; 
1.295000e+01; 1.023551e+00; 9.882798e-01; 
1.300000e+01; 1.017354e+00; 9.845849e-01; 
1.305000e+01; 1.033513e+00; 9.703341e-01; 
1.310000e+01; 1.037605e+00; 9.785362e-01; 
1.315000e+01; 1.028150e+00; 9.930957e-01; 
1.320000e+01; 1.034584e+00; 9.902141e-01; 
1.325000e+01; 1.026151e+00; 9.941054e-01; 
1.330000e+01; 1.025803e+00; 9.869924e-01; 
1.335000e+01; 1.019092e+00; 9.922477e-01; 
1.340000e+01; 1.031324e+00; 9.709642e-01; 
1.345000e+01; 1.018346e+00; 9.846189e-01; 
1.350000e+01; 1.025683e+00; 9.782630e-01; 
1.355000e+01; 1.029767e+00; 9.731877e-01; 
1.360000e+01; 1.027366e+00; 9.730093e-01; 
1.365000e+01; 1.026321e+00; 9.762947e-01; 
1.370000e+01; 1.023175e+00; 9.895591e-01; 
1.375000e+01; 1.018721e+00; 9.972895e-01; 
1.380000e+01; 1.033735e+00; 9.942873e-01; 
1.385000e+01; 1.036449e+00; 9.948970e-01; 
1.390000e+01; 1.041643e+00; 9.979716e-01; 
1.395000e+01; 1.043962e+00; 9.982889e-01; 
1.400000e+01; 1.040558e+00; 1.008385e+00; 
1.405000e+01; 1.034272e+00; 1.014977e+00; 
1.410000e+01; 1.040245e+00; 1.011628e+00; 
1.415000e+01; 1.041082e+00; 1.001296e+00; 
1.420000e+01; 1.045524e+00; 1.008724e+00; 
1.425000e+01; 1.040733e+00; 1.019661e+00; 
1.430000e+01; 1.041232e+00; 1.020847e+00; 
1.435000e+01; 1.040796e+00; 1.022746e+00; 
1.440000e+01; 1.041012e+00; 1.022019e+00; 
1.445000e+01; 1.041547e+00; 1.018932e+00; 
1.450000e+01; 1.061038e+00; 1.011799e+00; 
1.455000e+01; 1.056015e+00; 1.013985e+00; 
1.460000e+01; 1.059204e+00; 1.017928e+00; 
1.465000e+01; 1.062947e+00; 1.016589e+00; 
1.470000e+01; 1.057532e+00; 1.015606e+00; 
1.475000e+01; 1.057836e+00; 1.006355e+00; 
1.480000e+01; 1.053925e+00; 1.004071e+00; 
1.485000e+01; 1.048675e+00; 1.009672e+00; 
1.490000e+01; 1.044677e+00; 1.008107e+00; 
1.495000e+01; 1.034617e+00; 1.016771e+00; 
1.500000e+01; 1.041735e+00; 1.012267e+00; 
1.505000e+01; 1.039983e+00; 1.007400e+00; 
1.510000e+01; 1.037160e+00; 1.001710e+00; 
1.515000e+01; 1.038094e+00; 1.006058e+00; 
1.520000e+01; 1.051495e+00; 9.978367e-01; 
1.525000e+01; 1.036888e+00; 1.006454e+00; 
1.530000e+01; 1.036911e+00; 1.001576e+00; 
1.535000e+01; 1.026987e+00; 9.931159e-01; 
1.540000e+01; 1.033925e+00; 9.881636e-01; 
1.545000e+01; 1.023999e+00; 9.860730e-01; 
1.550000e+01; 1.018686e+00; 9.900712e-01; 
1.555000e+01; 1.024902e+00; 9.925204e-01; 
1.560000e+01; 1.023375e+00; 9.917078e-01; 
1.565000e+01; 1.016933e+00; 1.001136e+00; 
1.570000e+01; 1.023312e+00; 9.872191e-01; 
1.575000e+01; 1.022661e+00; 9.833658e-01; 
1.580000e+01; 1.014463e+00; 9.898973e-01; 
1.585000e+01; 1.014027e+00; 9.892700e-01; 
1.590000e+01; 1.013541e+00; 9.939961e-01; 
1.595000e+01; 1.013991e+00; 9.989230e-01; 
1.600000e+01; 1.030492e+00; 9.863700e-01; 
1.605000e+01; 1.027689e+00; 9.844292e-01; 
1.610000e+01; 1.019126e+00; 9.809121e-01; 
1.615000e+01; 1.019812e+00; 9.744904e-01; 
1.620000e+01; 1.008342e+00; 9.859047e-01; 
1.625000e+01; 1.019874e+00; 9.796163e-01; 
1.630000e+01; 1.013490e+00; 9.888223e-01; 
1.635000e+01; 1.012575e+00; 9.939528e-01; 
1.640000e+01; 1.002268e+00; 9.763734e-01; 
1.645000e+01; 1.006566e+00; 9.731818e-01; 
1.650000e+01; 1.011110e+00; 9.741864e-01; 
1.655000e+01; 1.003985e+00; 9.772826e-01; 
1.660000e+01; 1.009867e+00; 9.684245e-01; 
1.665000e+01; 1.009141e+00; 9.728266e-01; 
1.670000e+01; 1.010559e+00; 9.710648e-01; 
1.675000e+01; 1.011396e+00; 9.872660e-01; 
1.680000e+01; 1.009282e+00; 9.865139e-01; 
1.685000e+01; 1.012646e+00; 9.846808e-01; 
1.690000e+01; 1.020671e+00; 9.825012e-01; 
1.695000e+01; 1.015614e+00; 9.856983e-01; 
1.700000e+01; 1.014498e+00; 9.838141e-01; 
1.705000e+01; 1.012942e+00; 9.894032e-01; 
1.710000e+01; 1.022875e+00; 9.862276e-01; 
1.715000e+01; 1.013580e+00; 9.891970e-01; 
1.720000e+01; 1.017188e+00; 9.778699e-01; 
1.725000e+01; 1.007229e+00; 9.856602e-01; 
1.730000e+01; 1.007656e+00; 9.905418e-01; 
1.735000e+01; 1.019167e+00; 9.695248e-01; 
1.740000e+01; 1.024195e+00; 9.775862e-01; 
1.745000e+01; 1.024172e+00; 9.702777e-01; 
1.750000e+01; 1.014778e+00; 9.785498e-01; 
1.755000e+01; 1.011332e+00; 9.813429e-01; 
1.760000e+01; 1.003932e+00; 9.798269e-01; 
1.765000e+01; 1.010566e+00; 9.797711e-01; 
1.770000e+01; 1.011209e+00; 9.790165e-01; 
1.775000e+01; 1.023185e+00; 9.815923e-01; 
1.780000e+01; 1.022655e+00; 9.840080e-01; 
1.785000e+01; 1.010141e+00; 9.934505e-01; 
1.790000e+01; 1.014058e+00; 9.871945e-01; 
1.795000e+01; 1.017777e+00; 9.783772e-01; 
1.800000e+01; 1.018524e+00; 9.752511e-01; 
1.805000e+01; 1.015671e+00; 9.782474e-01; 
1.810000e+01; 1.009049e+00; 9.750010e-01; 
1.815000e+01; 1.011434e+00; 9.872116e-01; 
1.820000e+01; 1.012406e+00; 9.794294e-01; 
1.825000e+01; 1.010500e+00; 9.769046e-01; 
1.830000e+01; 1.004652e+00; 9.834183e-01; 
1.835000e+01; 1.011436e+00; 9.626356e-01; 
1.840000e+01; 1.004638e+00; 9.710019e-01; 
1.845000e+01; 9.961421e-01; 9.771187e-01; 
1.850000e+01; 9.948287e-01; 9.711492e-01; 
1.855000e+01; 1.005035e+00; 9.624235e-01; 
1.860000e+01; 1.003621e+00; 9.690094e-01; 
1.865000e+01; 9.925972e-01; 9.736503e-01; 
1.870000e+01; 9.969389e-01; 9.706088e-01; 
1.875000e+01; 1.002599e+00; 9.740426e-01; 
1.880000e+01; 1.000902e+00; 9.738050e-01; 
1.885000e+01; 1.004906e+00; 9.714854e-01; 
1.890000e+01; 9.913247e-01; 9.873208e-01; 
1.895000e+01; 9.974379e-01; 9.813670e-01; 
1.900000e+01; 1.000898e+00; 9.816627e-01; 
1.905000e+01; 1.006120e+00; 9.870247e-01; 
1.910000e+01; 1.008355e+00; 9.850934e-01; 
1.915000e+01; 1.005117e+00; 9.862572e-01; 
1.920000e+01; 1.012413e+00; 9.840918e-01; 
1.925000e+01; 1.017865e+00; 9.819145e-01; 
1.930000e+01; 1.029993e+00; 9.689790e-01; 
1.935000e+01; 1.023526e+00; 9.799012e-01; 
1.940000e+01; 1.023842e+00; 9.832063e-01; 
1.945000e+01; 1.030206e+00; 9.906098e-01; 
1.950000e+01; 1.032056e+00; 9.884171e-01; 
1.955000e+01; 1.033550e+00; 9.777264e-01; 
1.960000e+01; 1.026059e+00; 9.811048e-01; 
1.965000e+01; 1.020832e+00; 9.848400e-01; 
1.970000e+01; 1.014587e+00; 9.811845e-01; 
1.975000e+01; 1.024012e+00; 9.686460e-01; 
1.980000e+01; 1.019349e+00; 9.718411e-01; 
1.985000e+01; 1.017991e+00; 9.770276e-01; 
1.990000e+01; 1.023617e+00; 9.841342e-01; 
1.995000e+01; 1.021689e+00; 9.781076e-01; 
