0.000000e+00; 1.926123e+00; 5.793599e-02; 
5.000000e-02; 1.449784e+00; 5.389680e-01; 
1.000000e-01; 1.291484e+00; 7.074102e-01; 
1.500000e-01; 1.236301e+00; 7.677140e-01; 
2.000000e-01; 1.239476e+00; 7.684686e-01; 
2.500000e-01; 1.242489e+00; 7.625519e-01; 
3.000000e-01; 1.263477e+00; 7.466659e-01; 
3.500000e-01; 1.278212e+00; 7.314506e-01; 
4.000000e-01; 1.285592e+00; 7.157446e-01; 
4.500000e-01; 1.296934e+00; 7.040522e-01; 
5.000000e-01; 1.309756e+00; 6.940877e-01; 
5.500000e-01; 1.316771e+00; 6.760847e-01; 
6.000000e-01; 1.324078e+00; 6.696158e-01; 
6.500000e-01; 1.334763e+00; 6.632418e-01; 
7.000000e-01; 1.345394e+00; 6.546172e-01; 
7.500000e-01; 1.356319e+00; 6.448912e-01; 
8.000000e-01; 1.355639e+00; 6.440268e-01; 
8.500000e-01; 1.365628e+00; 6.374611e-01; 
9.000000e-01; 1.375288e+00; 6.283568e-01; 
9.500000e-01; 1.376150e+00; 6.300247e-01; 
1.000000e+00; 1.385775e+00; 6.241304e-01; 
1.050000e+00; 1.391380e+00; 6.191717e-01; 
1.100000e+00; 1.393677e+00; 6.140591e-01; 
1.150000e+00; 1.399282e+00; 6.097321e-01; 
1.200000e+00; 1.402808e+00; 6.088788e-01; 
1.250000e+00; 1.402688e+00; 6.086426e-01; 
1.300000e+00; 1.409719e+00; 6.009075e-01; 
1.350000e+00; 1.407875e+00; 6.008674e-01; 
1.400000e+00; 1.407817e+00; 6.006736e-01; 
1.450000e+00; 1.408339e+00; 6.007401e-01; 
1.500000e+00; 1.413183e+00; 5.980764e-01; 
1.550000e+00; 1.414193e+00; 5.987651e-01; 
1.600000e+00; 1.414538e+00; 5.970885e-01; 
1.650000e+00; 1.416918e+00; 5.943817e-01; 
1.700000e+00; 1.416214e+00; 5.968764e-01; 
1.750000e+00; 1.417108e+00; 5.954868e-01; 
1.800000e+00; 1.418643e+00; 5.929411e-01; 
1.850000e+00; 1.419776e+00; 5.920413e-01; 
1.900000e+00; 1.420116e+00; 5.907795e-01; 
1.950000e+00; 1.421066e+00; 5.901002e-01; 
2.000000e+00; 1.421443e+00; 5.905085e-01; 
2.050000e+00; 1.422629e+00; 5.904729e-01; 
2.100000e+00; 1.422040e+00; 5.913282e-01; 
2.150000e+00; 1.422316e+00; 5.906003e-01; 
2.200000e+00; 1.425669e+00; 5.893552e-01; 
2.250000e+00; 1.424762e+00; 5.901395e-01; 
2.300000e+00; 1.423490e+00; 5.914736e-01; 
2.350000e+00; 1.427069e+00; 5.921074e-01; 
2.400000e+00; 1.427800e+00; 5.910286e-01; 
2.450000e+00; 1.428175e+00; 5.899725e-01; 
2.500000e+00; 1.429535e+00; 5.885539e-01; 
2.550000e+00; 1.428852e+00; 5.893763e-01; 
2.600000e+00; 1.430887e+00; 5.874762e-01; 
2.650000e+00; 1.430405e+00; 5.893799e-01; 
2.700000e+00; 1.429491e+00; 5.901345e-01; 
2.750000e+00; 1.432282e+00; 5.919456e-01; 
2.800000e+00; 1.431665e+00; 5.920170e-01; 
2.850000e+00; 1.437813e+00; 6.002723e-01; 
2.900000e+00; 1.441975e+00; 5.972831e-01; 
2.950000e+00; 1.451236e+00; 5.818931e-01; 
3.000000e+00; 1.436227e+00; 5.934952e-01; 
3.050000e+00; 1.445529e+00; 5.824231e-01; 
3.100000e+00; 1.440073e+00; 5.886877e-01; 
3.150000e+00; 1.437455e+00; 5.911725e-01; 
3.200000e+00; 1.442276e+00; 5.874498e-01; 
3.250000e+00; 1.434860e+00; 5.977470e-01; 
3.300000e+00; 1.443545e+00; 5.886475e-01; 
3.350000e+00; 1.436112e+00; 5.954084e-01; 
3.400000e+00; 1.449544e+00; 5.826056e-01; 
3.450000e+00; 1.445688e+00; 5.865668e-01; 
3.500000e+00; 1.452894e+00; 6.082705e-01; 
3.550000e+00; 1.470505e+00; 5.909395e-01; 
3.600000e+00; 1.472807e+00; 5.886353e-01; 
3.650000e+00; 1.458298e+00; 6.018743e-01; 
3.700000e+00; 1.455578e+00; 6.038285e-01; 
3.750000e+00; 1.465949e+00; 5.865379e-01; 
3.800000e+00; 1.466315e+00; 5.986222e-01; 
3.850000e+00; 1.478873e+00; 5.884547e-01; 
3.900000e+00; 1.465100e+00; 6.021242e-01; 
3.950000e+00; 1.461438e+00; 6.065295e-01; 
4.000000e+00; 1.464737e+00; 6.028467e-01; 
4.050000e+00; 1.467309e+00; 5.989556e-01; 
4.100000e+00; 1.462038e+00; 6.031934e-01; 
4.150000e+00; 1.467908e+00; 5.970719e-01; 
4.200000e+00; 1.465353e+00; 5.985653e-01; 
4.250000e+00; 1.463567e+00; 6.006153e-01; 
4.300000e+00; 1.474710e+00; 5.885560e-01; 
4.350000e+00; 1.474191e+00; 5.889917e-01; 
4.400000e+00; 1.470972e+00; 5.920315e-01; 
4.450000e+00; 1.469257e+00; 5.938765e-01; 
4.500000e+00; 1.466368e+00; 5.961543e-01; 
4.550000e+00; 1.476969e+00; 5.857325e-01; 
4.600000e+00; 1.477652e+00; 5.851103e-01; 
4.650000e+00; 1.473329e+00; 5.880567e-01; 
4.700000e+00; 1.472979e+00; 5.931996e-01; 
4.750000e+00; 1.475228e+00; 5.904849e-01; 
4.800000e+00; 1.475583e+00; 5.901825e-01; 
4.850000e+00; 1.474095e+00; 5.915815e-01; 
4.900000e+00; 1.474246e+00; 5.914685e-01; 
4.950000e+00; 1.475139e+00; 5.906556e-01; 
5.000000e+00; 1.476308e+00; 5.899224e-01; 
5.050000e+00; 1.473846e+00; 5.924790e-01; 
5.100000e+00; 1.475842e+00; 5.906300e-01; 
5.150000e+00; 1.475184e+00; 5.914804e-01; 
5.200000e+00; 1.472650e+00; 5.938970e-01; 
5.250000e+00; 1.476426e+00; 5.901044e-01; 
5.300000e+00; 1.477088e+00; 5.894908e-01; 
5.350000e+00; 1.473817e+00; 5.925466e-01; 
5.400000e+00; 1.479072e+00; 5.876701e-01; 
5.450000e+00; 1.469695e+00; 5.963300e-01; 
5.500000e+00; 1.475930e+00; 5.931370e-01; 
5.550000e+00; 1.478229e+00; 5.909381e-01; 
5.600000e+00; 1.479399e+00; 5.900297e-01; 
5.650000e+00; 1.479616e+00; 5.899395e-01; 
5.700000e+00; 1.481188e+00; 5.885061e-01; 
5.750000e+00; 1.474064e+00; 5.955438e-01; 
5.800000e+00; 1.474424e+00; 5.952813e-01; 
5.850000e+00; 1.473573e+00; 5.957716e-01; 
5.900000e+00; 1.472622e+00; 5.967878e-01; 
5.950000e+00; 1.474440e+00; 5.949048e-01; 
6.000000e+00; 1.474791e+00; 5.944968e-01; 
6.050000e+00; 1.476338e+00; 5.928453e-01; 
6.100000e+00; 1.476766e+00; 5.926582e-01; 
6.150000e+00; 1.476661e+00; 5.928897e-01; 
6.200000e+00; 1.476479e+00; 5.931705e-01; 
6.250000e+00; 1.477455e+00; 5.925237e-01; 
6.300000e+00; 1.477243e+00; 5.925611e-01; 
6.350000e+00; 1.477017e+00; 5.928410e-01; 
6.400000e+00; 1.476873e+00; 5.928850e-01; 
6.450000e+00; 1.476398e+00; 5.931049e-01; 
6.500000e+00; 1.476546e+00; 5.934350e-01; 
6.550000e+00; 1.476919e+00; 5.931225e-01; 
6.600000e+00; 1.476843e+00; 5.932370e-01; 
6.650000e+00; 1.477147e+00; 5.926507e-01; 
6.700000e+00; 1.476508e+00; 5.931144e-01; 
6.750000e+00; 1.476856e+00; 5.927725e-01; 
6.800000e+00; 1.476730e+00; 5.930812e-01; 
6.850000e+00; 1.476536e+00; 5.932983e-01; 
6.900000e+00; 1.476758e+00; 5.929637e-01; 
6.950000e+00; 1.476545e+00; 5.931904e-01; 
7.000000e+00; 1.476553e+00; 5.932039e-01; 
7.050000e+00; 1.476471e+00; 5.932076e-01; 
7.100000e+00; 1.476613e+00; 5.930643e-01; 
7.150000e+00; 1.476796e+00; 5.929051e-01; 
7.200000e+00; 1.476649e+00; 5.930339e-01; 
7.250000e+00; 1.476638e+00; 5.928887e-01; 
7.300000e+00; 1.476956e+00; 5.924437e-01; 
7.350000e+00; 1.476985e+00; 5.923375e-01; 
7.400000e+00; 1.476871e+00; 5.923491e-01; 
7.450000e+00; 1.476847e+00; 5.923252e-01; 
7.500000e+00; 1.476940e+00; 5.922346e-01; 
7.550000e+00; 1.476845e+00; 5.922901e-01; 
7.600000e+00; 1.476794e+00; 5.922638e-01; 
7.650000e+00; 1.476751e+00; 5.923285e-01; 
7.700000e+00; 1.476580e+00; 5.924982e-01; 
7.750000e+00; 1.476434e+00; 5.927076e-01; 
7.800000e+00; 1.476257e+00; 5.928793e-01; 
7.850000e+00; 1.476165e+00; 5.928475e-01; 
7.900000e+00; 1.476366e+00; 5.924642e-01; 
7.950000e+00; 1.476195e+00; 5.925886e-01; 
8.000000e+00; 1.476102e+00; 5.925984e-01; 
8.050000e+00; 1.476264e+00; 5.923869e-01; 
8.100000e+00; 1.476429e+00; 5.921064e-01; 
8.150000e+00; 1.476287e+00; 5.923498e-01; 
8.200000e+00; 1.476162e+00; 5.925200e-01; 
8.250000e+00; 1.476280e+00; 5.924275e-01; 
8.300000e+00; 1.476423e+00; 5.922740e-01; 
8.350000e+00; 1.476525e+00; 5.921595e-01; 
8.400000e+00; 1.476329e+00; 5.923889e-01; 
8.450000e+00; 1.476323e+00; 5.923824e-01; 
8.500000e+00; 1.476291e+00; 5.923912e-01; 
8.550000e+00; 1.476597e+00; 5.922167e-01; 
8.600000e+00; 1.476558e+00; 5.922371e-01; 
8.650000e+00; 1.476428e+00; 5.923141e-01; 
8.700000e+00; 1.476372e+00; 5.923900e-01; 
8.750000e+00; 1.476392e+00; 5.923505e-01; 
8.800000e+00; 1.476490e+00; 5.923146e-01; 
8.850000e+00; 1.476582e+00; 5.922372e-01; 
8.900000e+00; 1.476621e+00; 5.921544e-01; 
8.950000e+00; 1.476583e+00; 5.921810e-01; 
9.000000e+00; 1.476600e+00; 5.922364e-01; 
9.050000e+00; 1.476564e+00; 5.922703e-01; 
9.100000e+00; 1.476642e+00; 5.922275e-01; 
9.150000e+00; 1.476766e+00; 5.920740e-01; 
9.200000e+00; 1.476732e+00; 5.922600e-01; 
9.250000e+00; 1.476690e+00; 5.923226e-01; 
9.300000e+00; 1.476654e+00; 5.924051e-01; 
9.350000e+00; 1.476603e+00; 5.925516e-01; 
9.400000e+00; 1.476598e+00; 5.925852e-01; 
9.450000e+00; 1.476619e+00; 5.924715e-01; 
9.500000e+00; 1.476665e+00; 5.923180e-01; 
9.550000e+00; 1.476707e+00; 5.922705e-01; 
9.600000e+00; 1.476688e+00; 5.923484e-01; 
9.650000e+00; 1.476620e+00; 5.923846e-01; 
9.700000e+00; 1.476698e+00; 5.923345e-01; 
9.750000e+00; 1.476764e+00; 5.922873e-01; 
9.800000e+00; 1.476627e+00; 5.924206e-01; 
9.850000e+00; 1.476666e+00; 5.923661e-01; 
9.900000e+00; 1.476688e+00; 5.923786e-01; 
9.950000e+00; 1.476565e+00; 5.923936e-01; 
1.000000e+01; 1.476526e+00; 5.923841e-01; 
1.005000e+01; 1.476536e+00; 5.923571e-01; 
1.010000e+01; 1.476403e+00; 5.924440e-01; 
1.015000e+01; 1.476417e+00; 5.924325e-01; 
1.020000e+01; 1.476356e+00; 5.924984e-01; 
1.025000e+01; 1.476479e+00; 5.923551e-01; 
1.030000e+01; 1.476335e+00; 5.925269e-01; 
1.035000e+01; 1.476276e+00; 5.925651e-01; 
1.040000e+01; 1.476421e+00; 5.924380e-01; 
1.045000e+01; 1.476411e+00; 5.924697e-01; 
1.050000e+01; 1.476338e+00; 5.925301e-01; 
1.055000e+01; 1.476472e+00; 5.923678e-01; 
1.060000e+01; 1.476350e+00; 5.924703e-01; 
1.065000e+01; 1.476297e+00; 5.925262e-01; 
1.070000e+01; 1.476397e+00; 5.924003e-01; 
1.075000e+01; 1.476441e+00; 5.923566e-01; 
1.080000e+01; 1.476351e+00; 5.924388e-01; 
1.085000e+01; 1.476417e+00; 5.923511e-01; 
1.090000e+01; 1.476537e+00; 5.923670e-01; 
1.095000e+01; 1.476691e+00; 5.922251e-01; 
1.100000e+01; 1.476687e+00; 5.922176e-01; 
1.105000e+01; 1.476673e+00; 5.922486e-01; 
1.110000e+01; 1.476661e+00; 5.922203e-01; 
1.115000e+01; 1.476543e+00; 5.923043e-01; 
1.120000e+01; 1.476613e+00; 5.922392e-01; 
1.125000e+01; 1.476599e+00; 5.922371e-01; 
1.130000e+01; 1.476438e+00; 5.923742e-01; 
1.135000e+01; 1.476495e+00; 5.923190e-01; 
1.140000e+01; 1.476516e+00; 5.923191e-01; 
1.145000e+01; 1.476573e+00; 5.922486e-01; 
1.150000e+01; 1.476512e+00; 5.923161e-01; 
1.155000e+01; 1.476461e+00; 5.924210e-01; 
1.160000e+01; 1.476738e+00; 5.921532e-01; 
1.165000e+01; 1.476761e+00; 5.921579e-01; 
1.170000e+01; 1.476829e+00; 5.921079e-01; 
1.175000e+01; 1.476859e+00; 5.920845e-01; 
1.180000e+01; 1.476824e+00; 5.921629e-01; 
1.185000e+01; 1.476609e+00; 5.923790e-01; 
1.190000e+01; 1.476551e+00; 5.924202e-01; 
1.195000e+01; 1.476513e+00; 5.924691e-01; 
1.200000e+01; 1.476631e+00; 5.923692e-01; 
1.205000e+01; 1.476639e+00; 5.923375e-01; 
1.210000e+01; 1.476662e+00; 5.923124e-01; 
1.215000e+01; 1.476718e+00; 5.922450e-01; 
1.220000e+01; 1.476762e+00; 5.922020e-01; 
1.225000e+01; 1.476658e+00; 5.922311e-01; 
1.230000e+01; 1.476787e+00; 5.921926e-01; 
1.235000e+01; 1.476668e+00; 5.922890e-01; 
1.240000e+01; 1.476580e+00; 5.922722e-01; 
1.245000e+01; 1.476626e+00; 5.922510e-01; 
1.250000e+01; 1.476730e+00; 5.921630e-01; 
1.255000e+01; 1.476656e+00; 5.922130e-01; 
1.260000e+01; 1.476688e+00; 5.922214e-01; 
1.265000e+01; 1.476637e+00; 5.922561e-01; 
1.270000e+01; 1.476641e+00; 5.922428e-01; 
1.275000e+01; 1.476680e+00; 5.922601e-01; 
1.280000e+01; 1.476714e+00; 5.922247e-01; 
1.285000e+01; 1.476719e+00; 5.922224e-01; 
1.290000e+01; 1.476788e+00; 5.921787e-01; 
1.295000e+01; 1.476740e+00; 5.922801e-01; 
1.300000e+01; 1.476640e+00; 5.923762e-01; 
1.305000e+01; 1.476805e+00; 5.922134e-01; 
1.310000e+01; 1.476824e+00; 5.921777e-01; 
1.315000e+01; 1.476674e+00; 5.923292e-01; 
1.320000e+01; 1.476699e+00; 5.923142e-01; 
1.325000e+01; 1.476629e+00; 5.923544e-01; 
1.330000e+01; 1.476639e+00; 5.923397e-01; 
1.335000e+01; 1.476707e+00; 5.923265e-01; 
1.340000e+01; 1.476774e+00; 5.922724e-01; 
1.345000e+01; 1.476806e+00; 5.922549e-01; 
1.350000e+01; 1.476629e+00; 5.924265e-01; 
1.355000e+01; 1.476779e+00; 5.922371e-01; 
1.360000e+01; 1.476901e+00; 5.920672e-01; 
1.365000e+01; 1.477002e+00; 5.920412e-01; 
1.370000e+01; 1.476733e+00; 5.923066e-01; 
1.375000e+01; 1.476603e+00; 5.924164e-01; 
1.380000e+01; 1.476564e+00; 5.924061e-01; 
1.385000e+01; 1.476627e+00; 5.923177e-01; 
1.390000e+01; 1.476683e+00; 5.922540e-01; 
1.395000e+01; 1.476751e+00; 5.921853e-01; 
1.400000e+01; 1.476674e+00; 5.922439e-01; 
1.405000e+01; 1.476778e+00; 5.921218e-01; 
1.410000e+01; 1.476758e+00; 5.921444e-01; 
1.415000e+01; 1.476724e+00; 5.921963e-01; 
1.420000e+01; 1.476764e+00; 5.921642e-01; 
1.425000e+01; 1.476788e+00; 5.921067e-01; 
1.430000e+01; 1.476833e+00; 5.920729e-01; 
1.435000e+01; 1.476833e+00; 5.920890e-01; 
1.440000e+01; 1.476843e+00; 5.920652e-01; 
1.445000e+01; 1.476818e+00; 5.920609e-01; 
1.450000e+01; 1.476812e+00; 5.920558e-01; 
1.455000e+01; 1.476688e+00; 5.921484e-01; 
1.460000e+01; 1.476748e+00; 5.920907e-01; 
1.465000e+01; 1.476712e+00; 5.921237e-01; 
1.470000e+01; 1.476670e+00; 5.921588e-01; 
1.475000e+01; 1.476704e+00; 5.921395e-01; 
1.480000e+01; 1.476693e+00; 5.921332e-01; 
1.485000e+01; 1.476728e+00; 5.921175e-01; 
1.490000e+01; 1.476703e+00; 5.921230e-01; 
1.495000e+01; 1.476734e+00; 5.921137e-01; 
1.500000e+01; 1.476708e+00; 5.921570e-01; 
1.505000e+01; 1.476724e+00; 5.921337e-01; 
1.510000e+01; 1.476656e+00; 5.922120e-01; 
1.515000e+01; 1.476588e+00; 5.922980e-01; 
1.520000e+01; 1.476606e+00; 5.922519e-01; 
1.525000e+01; 1.476596e+00; 5.922442e-01; 
1.530000e+01; 1.476573e+00; 5.922620e-01; 
1.535000e+01; 1.476570e+00; 5.922662e-01; 
1.540000e+01; 1.476534e+00; 5.922919e-01; 
1.545000e+01; 1.476545e+00; 5.922534e-01; 
1.550000e+01; 1.476529e+00; 5.922749e-01; 
1.555000e+01; 1.476615e+00; 5.921682e-01; 
1.560000e+01; 1.476668e+00; 5.921269e-01; 
1.565000e+01; 1.476747e+00; 5.920797e-01; 
1.570000e+01; 1.476760e+00; 5.920607e-01; 
1.575000e+01; 1.476690e+00; 5.921511e-01; 
1.580000e+01; 1.476726e+00; 5.921264e-01; 
1.585000e+01; 1.476718e+00; 5.921515e-01; 
1.590000e+01; 1.476674e+00; 5.922042e-01; 
1.595000e+01; 1.476777e+00; 5.921534e-01; 
1.600000e+01; 1.476734e+00; 5.922308e-01; 
1.605000e+01; 1.476721e+00; 5.922645e-01; 
1.610000e+01; 1.476739e+00; 5.922113e-01; 
1.615000e+01; 1.476734e+00; 5.922152e-01; 
1.620000e+01; 1.476749e+00; 5.922015e-01; 
1.625000e+01; 1.476706e+00; 5.922444e-01; 
1.630000e+01; 1.476658e+00; 5.923017e-01; 
1.635000e+01; 1.476676e+00; 5.922795e-01; 
1.640000e+01; 1.476660e+00; 5.922850e-01; 
1.645000e+01; 1.476671e+00; 5.922692e-01; 
1.650000e+01; 1.476692e+00; 5.922748e-01; 
1.655000e+01; 1.476682e+00; 5.922582e-01; 
1.660000e+01; 1.476647e+00; 5.922868e-01; 
1.665000e+01; 1.476722e+00; 5.922635e-01; 
1.670000e+01; 1.476771e+00; 5.921905e-01; 
1.675000e+01; 1.476731e+00; 5.922031e-01; 
1.680000e+01; 1.476758e+00; 5.921880e-01; 
1.685000e+01; 1.476673e+00; 5.922739e-01; 
1.690000e+01; 1.476652e+00; 5.922858e-01; 
1.695000e+01; 1.476612e+00; 5.923158e-01; 
1.700000e+01; 1.476635e+00; 5.922990e-01; 
1.705000e+01; 1.476660e+00; 5.922721e-01; 
1.710000e+01; 1.476682e+00; 5.922529e-01; 
1.715000e+01; 1.476674e+00; 5.922762e-01; 
1.720000e+01; 1.476686e+00; 5.922555e-01; 
1.725000e+01; 1.476646e+00; 5.922943e-01; 
1.730000e+01; 1.476635e+00; 5.923083e-01; 
1.735000e+01; 1.476716e+00; 5.922270e-01; 
1.740000e+01; 1.476653e+00; 5.922870e-01; 
1.745000e+01; 1.476651e+00; 5.922945e-01; 
1.750000e+01; 1.476597e+00; 5.922458e-01; 
1.755000e+01; 1.476614e+00; 5.922240e-01; 
1.760000e+01; 1.476549e+00; 5.922570e-01; 
1.765000e+01; 1.476595e+00; 5.922100e-01; 
1.770000e+01; 1.476587e+00; 5.922072e-01; 
1.775000e+01; 1.476547e+00; 5.922611e-01; 
1.780000e+01; 1.476593e+00; 5.922220e-01; 
1.785000e+01; 1.476515e+00; 5.922894e-01; 
1.790000e+01; 1.476597e+00; 5.921935e-01; 
1.795000e+01; 1.476535e+00; 5.922529e-01; 
1.800000e+01; 1.476574e+00; 5.922260e-01; 
1.805000e+01; 1.476540e+00; 5.922593e-01; 
1.810000e+01; 1.476562e+00; 5.922529e-01; 
1.815000e+01; 1.476630e+00; 5.921929e-01; 
1.820000e+01; 1.476551e+00; 5.922678e-01; 
1.825000e+01; 1.476567e+00; 5.922257e-01; 
1.830000e+01; 1.476574e+00; 5.922273e-01; 
1.835000e+01; 1.476619e+00; 5.921909e-01; 
1.840000e+01; 1.476651e+00; 5.921639e-01; 
1.845000e+01; 1.476664e+00; 5.921695e-01; 
1.850000e+01; 1.476648e+00; 5.921844e-01; 
1.855000e+01; 1.476604e+00; 5.922276e-01; 
1.860000e+01; 1.476584e+00; 5.922527e-01; 
1.865000e+01; 1.476616e+00; 5.922232e-01; 
1.870000e+01; 1.476689e+00; 5.921527e-01; 
1.875000e+01; 1.476676e+00; 5.921630e-01; 
1.880000e+01; 1.476685e+00; 5.921348e-01; 
1.885000e+01; 1.476663e+00; 5.921538e-01; 
1.890000e+01; 1.476686e+00; 5.921383e-01; 
1.895000e+01; 1.476659e+00; 5.921548e-01; 
1.900000e+01; 1.476653e+00; 5.921759e-01; 
1.905000e+01; 1.476669e+00; 5.921558e-01; 
1.910000e+01; 1.476677e+00; 5.921580e-01; 
1.915000e+01; 1.476692e+00; 5.921524e-01; 
1.920000e+01; 1.476689e+00; 5.921565e-01; 
1.925000e+01; 1.476680e+00; 5.921531e-01; 
1.930000e+01; 1.476693e+00; 5.921451e-01; 
1.935000e+01; 1.476699e+00; 5.921411e-01; 
1.940000e+01; 1.476706e+00; 5.921455e-01; 
1.945000e+01; 1.476688e+00; 5.921469e-01; 
1.950000e+01; 1.476679e+00; 5.921449e-01; 
1.955000e+01; 1.476694e+00; 5.921405e-01; 
1.960000e+01; 1.476690e+00; 5.921365e-01; 
1.965000e+01; 1.476695e+00; 5.921246e-01; 
1.970000e+01; 1.476705e+00; 5.921171e-01; 
1.975000e+01; 1.476689e+00; 5.921352e-01; 
1.980000e+01; 1.476685e+00; 5.921268e-01; 
1.985000e+01; 1.476667e+00; 5.921459e-01; 
1.990000e+01; 1.476665e+00; 5.921554e-01; 
1.995000e+01; 1.476653e+00; 5.921668e-01; 
